3.110839843750000000e+00 -8.710937500000000000e-01 6.115195312500000000e+02 2.640813293457031250e+02 -6.897657012939453125e+01 9.801548767089843750e+01 5.292665446177124977e-04 1.159136134322646208e+22 1.854696711234282702e-05 0.000000000000000000e+00 2.455031750000000000e+06 9.208592222087474966e-11 1.017433281250000000e+05
4.985351562500000000e-01 -2.337890625000000000e+00 1.406093750000000000e+02 -3.397011413574218750e+02 -1.649536590576171875e+02 2.006002349853515625e+02 5.179409869015216827e-03 6.209304772189819503e+21 1.113499529310502112e-04 0.000000000000000000e+00 7.568833000000000000e+06 2.292958015459589660e-06 9.389633593750000000e+04
-4.022949218750000000e+00 -8.046875000000000000e-01 4.200703125000000000e+02 -1.007798843383789062e+02 -1.052056503295898438e+01 1.282279872894287109e+01 4.118453711271286011e-03 9.024692924543559270e+21 3.056060086237266660e-05 0.000000000000000000e+00 2.258342500000000000e+06 7.272961966009461321e-07 7.912049218750000000e+04
-2.769531250000000000e+00 -1.330078125000000000e+00 -5.507656250000000000e+02 1.282541809082031250e+02 -2.421484184265136719e+01 -1.346617126464843750e+02 1.183458883315324783e-02 1.105035743078932650e+22 2.092774957418441772e-05 0.000000000000000000e+00 2.789026250000000000e+06 1.752406546984275337e-06 9.946748437500000000e+04
-1.538085937500000000e-01 -4.599609375000000000e+00 -1.308750000000000000e+02 1.027288131713867188e+02 -1.818820648193359375e+02 -1.835522460937500000e+02 2.484226226806640625e-02 2.581911977521645093e+21 2.583822701126337051e-03 0.000000000000000000e+00 1.051916503906250000e+04 1.061153307091444731e-04 1.566450625000000000e+05
3.937011718750000000e+00 4.589843750000000000e-01 1.123906250000000000e+02 -2.706235046386718750e+02 -4.370303649902343750e+02 1.367347717285156250e+02 1.487550046294927597e-02 5.950664734439792181e+21 1.272522640647366643e-04 0.000000000000000000e+00 2.219156000000000000e+06 7.212493073893710971e-06 9.444775781250000000e+04
-1.370117187500000000e+00 3.376953125000000000e+00 -1.121093750000000000e+01 -6.595971679687500000e+01 -1.108563308715820312e+02 -2.841901855468750000e+02 1.875514537096023560e-02 6.786989940641934344e+21 7.527229172410443425e-05 0.000000000000000000e+00 4.273764500000000000e+06 6.135014700703322887e-06 8.288893750000000000e+04
2.323242187500000000e+00 -4.093750000000000000e+00 -1.275664062500000000e+02 1.019628372192382812e+02 -1.754207000732421875e+02 -1.705807342529296875e+02 2.905680984258651733e-02 2.775455860357752422e+21 1.926161581650376320e-03 0.000000000000000000e+00 1.705520117187500000e+04 9.946213685907423496e-05 1.450525937500000000e+05
2.070800781250000000e+00 -2.644531250000000000e+00 2.762578125000000000e+02 -7.714551544189453125e+01 4.182389676570892334e-01 -1.965650329589843750e+02 4.075240343809127808e-03 8.485813022280682308e+21 5.188466093386523426e-05 0.000000000000000000e+00 2.760803000000000000e+06 1.148863589151005726e-06 1.116732187500000000e+05
-3.741699218750000000e+00 -8.183593750000000000e-01 -1.901718750000000000e+02 9.864883422851562500e+00 -1.705079956054687500e+02 -8.607142639160156250e+01 1.909983810037374496e-03 6.246634546551140123e+21 8.823462121654301882e-05 0.000000000000000000e+00 4.253536000000000000e+06 1.261456361589807784e-08 7.575426562500000000e+04
-4.965820312500000000e-01 -3.935546875000000000e+00 4.817421875000000000e+02 -6.204415512084960938e+01 -7.590580749511718750e+01 3.256624221801757812e+01 9.604766033589839935e-03 1.030195600011233853e+22 1.754549884935840964e-05 0.000000000000000000e+00 2.536643000000000000e+06 1.111616597881948110e-06 6.757010156250000000e+04
4.443359375000000000e-02 -2.253906250000000000e+00 1.049335937500000000e+02 -2.536827545166015625e+02 -2.497239990234375000e+02 -7.091140747070312500e+01 2.139288932085037231e-02 5.833059985570452734e+21 1.411114062648266554e-04 0.000000000000000000e+00 2.729540500000000000e+06 1.127485120377968997e-05 9.864639062500000000e+04
-2.692382812500000000e+00 -3.576171875000000000e+00 -1.316484375000000000e+02 1.404550170898437500e+02 -1.134416580200195312e+02 -2.668837585449218750e+02 3.172862529754638672e-02 3.014495669579509924e+21 8.677372243255376816e-04 0.000000000000000000e+00 1.603245996093750000e+04 5.314188456395640969e-05 8.372631250000000000e+04
9.228515625000000000e-02 -1.412109375000000000e+00 1.189296875000000000e+02 -2.344448852539062500e+02 -5.407960205078125000e+02 1.377027893066406250e+02 2.192741073668003082e-02 4.634794832540356051e+21 2.032804477494210005e-04 0.000000000000000000e+00 2.705619000000000000e+06 1.322806383541319519e-05 7.128806250000000000e+04
4.357910156250000000e+00 9.921875000000000000e-01 -1.499492187500000000e+02 9.206769561767578125e+01 -2.060754852294921875e+02 -5.781530380249023438e+01 5.790096241980791092e-03 6.729007221339446051e+21 8.674277341924607754e-05 0.000000000000000000e+00 3.535426000000000000e+06 2.163978251701337285e-06 9.309278125000000000e+04
-3.720703125000000000e+00 2.496093750000000000e+00 -3.259257812500000000e+02 -5.527231979370117188e+01 -9.154861450195312500e+01 -1.712222442626953125e+02 4.472627770155668259e-03 7.570278505832347861e+21 6.046018461347557604e-05 0.000000000000000000e+00 3.532770000000000000e+06 1.310771267526433803e-06 9.239207812500000000e+04
1.836425781250000000e+00 -3.904296875000000000e+00 -1.227382812500000000e+02 1.089693069458007812e+02 -1.889822235107421875e+02 -1.953962402343750000e+02 3.181248903274536133e-02 2.072197527183107817e+21 2.035254612565040588e-03 0.000000000000000000e+00 9.603207031250000000e+03 8.590735524194315076e-05 6.378843359375000000e+04
3.572265625000000000e+00 -2.531250000000000000e+00 4.203710937500000000e+02 -1.142851715087890625e+02 -1.644811439514160156e+01 1.245679283142089844e+01 6.402088794857263565e-03 9.525789877732611457e+21 2.710108492465224117e-05 0.000000000000000000e+00 2.657441250000000000e+06 1.058259499586711172e-06 8.251241406250000000e+04
-7.167968750000000000e-01 3.222656250000000000e-01 5.355078125000000000e+01 -2.595445556640625000e+02 -2.175714263916015625e+02 -3.071073913574218750e+02 8.163939230144023895e-03 6.152281319607961125e+21 1.017423492157831788e-04 0.000000000000000000e+00 7.128565500000000000e+06 3.272054527769796550e-06 8.345264843750000000e+04
2.110351562500000000e+00 3.773437500000000000e+00 6.188281250000000000e+01 -2.349422454833984375e+02 -1.714879608154296875e+02 -2.495984039306640625e+02 7.010331377387046814e-03 5.756344543617916862e+21 9.846267494140192866e-05 0.000000000000000000e+00 7.039759000000000000e+06 2.544132939874543808e-06 6.615179687500000000e+04
-2.900390625000000000e+00 3.828125000000000000e-01 -3.039726562500000000e+02 -4.671243667602539062e+01 -1.288858337402343750e+02 -1.878794097900390625e+02 3.160206601023674011e-03 8.266103225609552396e+21 5.681505354004912078e-05 0.000000000000000000e+00 4.057047000000000000e+06 5.120086044030358607e-08 1.130304843750000000e+05
1.141113281250000000e+00 -8.066406250000000000e-01 -4.898632812500000000e+02 5.611531066894531250e+01 -3.533683013916015625e+01 -1.259649963378906250e+02 5.768779199570417404e-03 1.072716448483043076e+22 2.795926411636173725e-05 0.000000000000000000e+00 2.559960750000000000e+06 1.107840944314375520e-06 1.215654921875000000e+05
-2.939453125000000000e-01 2.246093750000000000e-01 -4.798437500000000000e+02 6.032879257202148438e+01 -3.114419937133789062e+01 -1.330223846435546875e+02 5.246890708804130554e-03 1.034708319427849775e+22 2.708022475417237729e-05 0.000000000000000000e+00 2.595323250000000000e+06 9.413584507456107531e-07 1.056661250000000000e+05
2.318847656250000000e+00 -3.759765625000000000e+00 3.422695312500000000e+02 -9.602294921875000000e+01 -7.913295269012451172e+00 -6.448451995849609375e+01 5.785996094346046448e-03 7.974810401711228715e+21 4.465265737962909043e-05 0.000000000000000000e+00 3.132683500000000000e+06 1.319254579357220791e-06 7.976971093750000000e+04
3.911621093750000000e+00 2.144531250000000000e+00 -9.842968750000000000e+01 1.372588806152343750e+02 -2.512347717285156250e+02 -7.503710174560546875e+01 3.318569390103220940e-03 7.405652236203586486e+21 6.028989082551561296e-05 0.000000000000000000e+00 3.732166750000000000e+06 9.487276315667259041e-07 8.625099218750000000e+04
1.239746093750000000e+00 3.144531250000000000e-01 -2.614335937500000000e+02 -2.327806949615478516e+00 -1.987221832275390625e+02 -1.424388122558593750e+02 2.816440770402550697e-03 7.837386999731691979e+21 6.273118924582377076e-05 0.000000000000000000e+00 4.245159500000000000e+06 3.750781729650043417e-08 1.063719609375000000e+05
-5.527343750000000000e-01 1.822265625000000000e+00 3.113554687500000000e+02 -3.099311065673828125e+01 -1.256140232086181641e+01 -1.012269515991210938e+02 2.996843308210372925e-03 8.296955134856853979e+21 4.994082337361760437e-05 0.000000000000000000e+00 3.056838750000000000e+06 3.832022343885910232e-08 1.004712109375000000e+05
4.541015625000000000e+00 3.085937500000000000e-01 -3.042812500000000000e+02 -5.201972579956054688e+01 -1.374194335937500000e+02 -1.887708282470703125e+02 6.936274003237485886e-03 7.020211662095082586e+21 6.167093670228496194e-05 0.000000000000000000e+00 3.659258500000000000e+06 1.922825049405219033e-06 7.515551562500000000e+04
7.104492187500000000e-01 3.425781250000000000e+00 -9.360156250000000000e+01 1.640470428466796875e+02 -2.338748626708984375e+02 -6.417385864257812500e+01 3.251240821555256844e-03 7.824466172400766026e+21 6.011144796502776444e-05 0.000000000000000000e+00 3.665041500000000000e+06 5.599630270580746583e-08 1.014263906250000000e+05
5.151367187500000000e-01 -4.714843750000000000e+00 -2.214335937500000000e+02 1.588200187683105469e+01 -1.947377014160156250e+02 -1.151023788452148438e+02 1.534534967504441738e-03 7.228464301314181956e+21 7.490664575016126037e-05 0.000000000000000000e+00 3.846234250000000000e+06 6.287667275728381355e-09 9.965250781250000000e+04
-3.930175781250000000e+00 2.615234375000000000e+00 1.000742187500000000e+02 -2.231385040283203125e+02 -2.855783386230468750e+02 -1.904128646850585938e+01 1.581886596977710724e-02 5.918979096311473635e+21 1.131642275140620768e-04 0.000000000000000000e+00 3.306841500000000000e+06 6.784442120988387614e-06 8.265693750000000000e+04
-1.591796875000000000e-01 -3.703125000000000000e+00 -6.357500000000000000e+02 1.410087127685546875e+02 -1.102272987365722656e+01 -1.140235061645507812e+02 3.772919764742255211e-03 1.223068896862825716e+22 1.379550303681753576e-05 0.000000000000000000e+00 2.004954750000000000e+06 4.076137543052027468e-07 8.890372656250000000e+04
3.774414062500000000e-01 -2.910156250000000000e-01 -5.984843750000000000e+02 1.373641662597656250e+02 1.013841857910156250e+02 -1.471581573486328125e+02 7.421825081110000610e-03 1.079357343903572925e+22 1.908215563162229955e-05 0.000000000000000000e+00 2.276940250000000000e+06 9.787826229512575082e-07 8.451871093750000000e+04
-1.809082031250000000e+00 2.505859375000000000e+00 -2.165195312500000000e+02 2.675420570373535156e+01 -1.975907135009765625e+02 -1.055296020507812500e+02 2.077198587357997894e-03 7.222532497654981591e+21 7.383216143352910876e-05 0.000000000000000000e+00 3.742760000000000000e+06 1.583113373726519058e-08 9.798144531250000000e+04
-4.693359375000000000e+00 1.015625000000000000e+00 -1.590234375000000000e+01 -7.659184265136718750e+01 -1.383852233886718750e+02 -3.060041198730468750e+02 1.532151829451322556e-02 7.239092233484822905e+21 8.369228453375399113e-05 0.000000000000000000e+00 3.987954750000000000e+06 5.943662927165860310e-06 1.118323437500000000e+05
-2.818359375000000000e+00 3.150390625000000000e+00 5.099179687500000000e+02 4.229391479492187500e+01 -9.570349884033203125e+01 8.743857574462890625e+01 1.525150728411972523e-03 1.211262147489720540e+22 1.397409232595236972e-05 0.000000000000000000e+00 2.890401750000000000e+06 1.928530224404312321e-09 8.747175000000000000e+04
-1.850585937500000000e+00 -4.042968750000000000e-01 2.314726562500000000e+02 -2.531919288635253906e+01 -4.497816467285156250e+01 -1.415633392333984375e+02 7.369525730609893799e-03 8.250958745962612261e+21 5.288121974444948137e-05 0.000000000000000000e+00 4.726917000000000000e+06 2.058866812149062753e-06 1.046271406250000000e+05
-1.226074218750000000e+00 8.066406250000000000e-01 -2.223867187500000000e+02 1.924914360046386719e+01 -1.965978851318359375e+02 -1.202469940185546875e+02 1.462777261622250080e-03 7.014389070726845956e+21 7.427664240822196007e-05 0.000000000000000000e+00 3.835154750000000000e+06 5.215424092597231720e-09 9.029247656250000000e+04
-2.854492187500000000e+00 -3.173828125000000000e+00 -1.291835937500000000e+02 1.400176086425781250e+02 -1.355994110107421875e+02 -2.362431335449218750e+02 2.506838180124759674e-02 3.361457488471760306e+21 5.952253122813999653e-04 0.000000000000000000e+00 5.249088671875000000e+04 3.211575312889181077e-05 7.963316406250000000e+04
3.805664062500000000e+00 2.205078125000000000e+00 7.230468750000000000e+01 -1.666940307617187500e+02 -1.507720031738281250e+02 -2.363207702636718750e+02 1.998779177665710449e-02 5.790888841609708831e+21 1.754565455485135317e-04 0.000000000000000000e+00 4.312353000000000000e+06 1.300356507272226736e-05 1.200148671875000000e+05
1.979492187500000000e+00 9.609375000000000000e-01 4.968710937500000000e+02 -4.584775924682617188e+01 -8.199156188964843750e+01 4.888472366333007812e+01 1.074639381840825081e-03 1.112801525096388965e+22 1.879238698165863752e-05 0.000000000000000000e+00 2.293347000000000000e+06 8.048394728454866254e-10 9.121468750000000000e+04
4.707031250000000000e+00 -5.039062500000000000e-01 -1.687226562500000000e+02 6.756413269042968750e+01 -1.952622375488281250e+02 -6.527416229248046875e+01 4.619827494025230408e-03 6.249564701058698052e+21 9.975297871278598905e-05 0.000000000000000000e+00 3.666592750000000000e+06 1.844098960646078922e-06 8.576397656250000000e+04
-3.588867187500000000e-01 -1.566406250000000000e+00 -3.946875000000000000e+02 1.923656463623046875e+01 -1.912264060974121094e+01 -8.376963806152343750e+01 5.099794361740350723e-03 8.777825859169431847e+21 4.682860890170559287e-05 0.000000000000000000e+00 3.190835250000000000e+06 1.342250925517873839e-06 1.115582890625000000e+05
1.910156250000000000e+00 3.210937500000000000e+00 7.204687500000000000e+01 -1.776279296875000000e+02 -1.341772155761718750e+02 -2.243620300292968750e+02 1.865654624998569489e-02 5.324228662971345142e+21 1.672980579314753413e-04 0.000000000000000000e+00 3.849492750000000000e+06 1.064049138221889734e-05 8.893869531250000000e+04
-2.109863281250000000e+00 3.267578125000000000e+00 7.038671875000000000e+01 -2.411602020263671875e+02 -1.876164093017578125e+02 -2.436365966796875000e+02 1.508160680532455444e-02 5.999819835522680881e+21 1.292611268581822515e-04 0.000000000000000000e+00 4.497900500000000000e+06 7.489220024581300095e-06 9.833592968750000000e+04
1.884765625000000000e+00 -1.802734375000000000e+00 -1.586289062500000000e+02 7.525120544433593750e+01 -2.040828704833984375e+02 -5.635325622558593750e+01 3.459217725321650505e-03 6.300986238654060954e+21 9.006188338389620185e-05 0.000000000000000000e+00 3.835015250000000000e+06 1.256927589565748349e-06 7.935903125000000000e+04
-4.516113281250000000e+00 3.261718750000000000e-01 2.042539062500000000e+02 -4.299826431274414062e+01 -1.159591522216796875e+02 -1.491311340332031250e+02 1.210444793105125427e-02 7.376750948544889750e+21 5.488498572958633304e-05 0.000000000000000000e+00 3.141117250000000000e+06 3.137953399345860817e-06 7.760301562500000000e+04
2.323730468750000000e+00 2.701171875000000000e+00 9.751171875000000000e+01 -2.140844726562500000e+02 -1.468531341552734375e+02 -1.317321777343750000e+02 7.367525249719619751e-03 5.570508008594100716e+21 8.260335016530007124e-05 0.000000000000000000e+00 4.846072000000000000e+06 2.170685547753237188e-06 5.029350390625000000e+04
-1.771972656250000000e+00 -4.177734375000000000e+00 7.573828125000000000e+01 -1.867212066650390625e+02 -2.381691131591796875e+02 -2.704494628906250000e+02 1.423028577119112015e-02 6.053842201902850245e+21 1.161424443125724792e-04 0.000000000000000000e+00 5.777274000000000000e+06 6.406465672625927255e-06 9.076408593750000000e+04
2.651367187500000000e-01 4.492187500000000000e-01 2.541992187500000000e+02 -5.135808563232421875e+01 2.262705612182617188e+01 -1.909584655761718750e+02 3.519824473187327385e-03 8.540606630097038868e+21 5.679056266671977937e-05 0.000000000000000000e+00 2.840090750000000000e+06 1.093122250495071057e-06 1.246154765625000000e+05
4.189453125000000000e+00 -2.130859375000000000e+00 7.963671875000000000e+01 -1.800350036621093750e+02 -1.870879364013671875e+02 -2.542020263671875000e+02 4.154648631811141968e-03 6.449578567709476520e+21 9.091862739296630025e-05 0.000000000000000000e+00 7.443580500000000000e+06 1.559916427140706219e-06 8.591650781250000000e+04
1.464843750000000000e-01 -3.509765625000000000e+00 -1.279375000000000000e+02 1.090593795776367188e+02 -1.739710388183593750e+02 -2.016495666503906250e+02 3.176164254546165466e-02 2.220007074328291049e+21 2.450345782563090324e-03 0.000000000000000000e+00 9.606595703125000000e+03 1.106286217691376805e-04 9.443221875000000000e+04
3.378417968750000000e+00 2.132812500000000000e+00 -1.182031250000000000e+01 -7.311261749267578125e+01 -1.119001693725585938e+02 -2.404810028076171875e+02 2.459774725139141083e-02 6.752683207530486170e+21 6.897177081555128098e-05 0.000000000000000000e+00 5.127669500000000000e+06 7.335435839195270091e-06 7.480491406250000000e+04
3.433105468750000000e+00 9.101562500000000000e-01 -3.261562500000000000e+02 -4.446867370605468750e+01 -8.869866943359375000e+01 -1.574969177246093750e+02 3.652424318715929985e-03 7.297500542952097710e+21 5.901776603423058987e-05 0.000000000000000000e+00 3.668297750000000000e+06 1.007212063086626586e-06 8.078577343750000000e+04
-1.798339843750000000e+00 1.537109375000000000e+00 -1.810000000000000000e+02 3.310071182250976562e+01 -1.800894622802734375e+02 -7.353639984130859375e+01 3.814391326159238815e-03 6.493556218070749413e+21 8.553648513043299317e-05 0.000000000000000000e+00 4.229024500000000000e+06 1.356569555355235934e-06 8.249525781250000000e+04
-1.675781250000000000e+00 2.787109375000000000e+00 1.308984375000000000e+02 -3.348522033691406250e+02 -2.213867187500000000e+02 7.335408020019531250e+01 1.546860113739967346e-02 5.976696103235947069e+21 1.300586882280185819e-04 0.000000000000000000e+00 3.817902000000000000e+06 7.699001798755489290e-06 9.780309375000000000e+04
-1.650390625000000000e-01 5.468750000000000000e-01 4.133984375000000000e+01 -2.273543243408203125e+02 2.182673835754394531e+01 -2.571198730468750000e+02 9.469035081565380096e-03 6.072505118758673580e+21 7.237149839056655765e-05 0.000000000000000000e+00 4.893054000000000000e+06 2.664550947883981280e-06 5.708223828125000000e+04
-2.105468750000000000e+00 -2.287109375000000000e+00 -1.556289062500000000e+02 8.489143371582031250e+01 -2.120303955078125000e+02 -5.596609497070312500e+01 5.233431234955787659e-03 6.316060912506776846e+21 9.544734348310157657e-05 0.000000000000000000e+00 3.219925750000000000e+06 2.020130978053202853e-06 8.470959375000000000e+04
2.665039062500000000e+00 -2.949218750000000000e+00 -1.185273437500000000e+02 1.056853866577148438e+02 -2.114727325439453125e+02 -2.218347778320312500e+02 2.467523887753486633e-02 4.177462171680230081e+21 3.530729154590517282e-04 0.000000000000000000e+00 4.148243437500000000e+05 2.330349889234639704e-05 9.066332812500000000e+04
-3.159179687500000000e-01 3.644531250000000000e+00 2.219609375000000000e+02 -6.043355178833007812e+01 -1.209442825317382812e+02 -1.682876892089843750e+02 4.534829873591661453e-03 7.637387769779702465e+21 5.557259282795712352e-05 0.000000000000000000e+00 3.831095000000000000e+06 1.232393287864397280e-06 8.720169531250000000e+04
2.280761718750000000e+00 -1.427734375000000000e+00 -2.820117187500000000e+02 -4.067187500000000000e+01 -1.951148986816406250e+02 -1.691565093994140625e+02 5.387982819229364395e-03 7.376569115709934666e+21 6.294194463407620788e-05 0.000000000000000000e+00 4.173068500000000000e+06 1.601782628313230816e-06 8.898835156250000000e+04
-8.989257812500000000e-01 5.683593750000000000e-01 -4.107695312500000000e+02 5.333106231689453125e+01 4.144493579864501953e+00 -9.392773437500000000e+01 6.944538559764623642e-03 9.043202156062098588e+21 4.149147935095243156e-05 0.000000000000000000e+00 3.218229250000000000e+06 1.668427671575045679e-06 1.080825000000000000e+05
-1.692382812500000000e+00 5.683593750000000000e-01 -5.104179687500000000e+02 1.049143600463867188e+01 -8.239188385009765625e+01 -9.394173431396484375e+01 3.771869465708732605e-03 1.058618605389503844e+22 2.200082781200762838e-05 0.000000000000000000e+00 3.044251250000000000e+06 5.624941650239634328e-07 9.193637500000000000e+04
-1.712890625000000000e+00 -3.125000000000000000e+00 5.860937500000000000e+01 -2.606190185546875000e+02 -2.233005371093750000e+02 -3.129028930664062500e+02 9.950332343578338623e-03 5.954192178847930122e+21 1.094112158170901239e-04 0.000000000000000000e+00 6.665808000000000000e+06 4.150544555159285665e-06 8.135046093750000000e+04
1.404296875000000000e+00 -2.240234375000000000e+00 -9.448046875000000000e+01 1.787471313476562500e+02 -2.405683898925781250e+02 -7.852502441406250000e+01 3.650349099189043045e-03 6.493731295506263441e+21 6.185501115396618843e-05 0.000000000000000000e+00 3.526469500000000000e+06 9.388288617628859356e-07 5.966058984375000000e+04
-3.658691406250000000e+00 1.248046875000000000e+00 -6.993359375000000000e+01 1.088485488891601562e+02 -1.558206787109375000e+02 -2.218161621093750000e+02 1.124292332679033279e-02 7.126642417338962412e+21 7.699392881477251649e-05 0.000000000000000000e+00 3.709833250000000000e+06 3.950058271584566683e-06 9.816146875000000000e+04
1.847167968750000000e+00 -1.271484375000000000e+00 2.265781250000000000e+02 -4.865546417236328125e+01 -8.358527374267578125e+01 -1.728387756347656250e+02 6.223344709724187851e-03 8.090879986057588244e+21 5.428026634035632014e-05 0.000000000000000000e+00 4.202194000000000000e+06 1.750025717228709254e-06 1.012648984375000000e+05
4.629882812500000000e+00 -1.250000000000000000e-01 2.837617187500000000e+02 -6.882173919677734375e+01 -2.961625480651855469e+01 -1.453563690185546875e+02 6.915283389389514923e-03 8.213309216027748336e+21 4.383198393043130636e-05 0.000000000000000000e+00 3.360929250000000000e+06 1.594050672792945988e-06 8.554120312500000000e+04
-8.613281250000000000e-01 -1.660156250000000000e+00 1.280078125000000000e+02 -4.258604125976562500e+02 -1.595800170898437500e+02 5.845566940307617188e+01 6.384711712598800659e-03 5.865691942570472505e+21 1.038429400068707764e-04 0.000000000000000000e+00 7.580622500000000000e+06 2.490120323273004033e-06 7.381838281250000000e+04
5.346679687500000000e-01 2.634765625000000000e+00 2.129218750000000000e+02 -1.820626449584960938e+01 -1.198982696533203125e+02 -1.686711730957031250e+02 4.729726817458868027e-03 7.046648354857700819e+21 6.253951869439333677e-05 0.000000000000000000e+00 3.007693750000000000e+06 1.334615149062301498e-06 7.707830468750000000e+04
-8.212890625000000000e-01 2.658203125000000000e+00 -3.736250000000000000e+02 5.538917922973632812e+01 -5.818766021728515625e+01 -1.159288482666015625e+02 4.758530762046575546e-03 7.657623005855431524e+21 4.675389209296554327e-05 0.000000000000000000e+00 3.144528250000000000e+06 1.090856017071928363e-06 7.394851562500000000e+04
1.160644531250000000e+00 -3.589843750000000000e+00 3.929843750000000000e+02 -1.221391754150390625e+02 -3.982906579971313477e+00 -5.444856643676757812e+01 5.079262424260377884e-03 9.257403487439000961e+21 2.979723649332299829e-05 0.000000000000000000e+00 2.544172000000000000e+06 8.971160809778666589e-07 8.326707031250000000e+04
-3.377929687500000000e+00 -3.013671875000000000e+00 1.317460937500000000e+02 -3.692408447265625000e+02 -1.182793121337890625e+02 8.279547119140625000e+01 6.604607682675123215e-03 5.873988136034042380e+21 1.145264250226318836e-04 0.000000000000000000e+00 6.910403000000000000e+06 2.844910568455816247e-06 8.175882031250000000e+04
4.006347656250000000e+00 2.119140625000000000e+00 -2.746093750000000000e+00 -8.978219604492187500e+01 -8.783550262451171875e+01 -2.525108489990234375e+02 1.973677799105644226e-02 6.612725404860646687e+21 7.091060979291796684e-05 0.000000000000000000e+00 4.766684000000000000e+06 5.925851837673690170e-06 7.222413281250000000e+04
1.079101562500000000e-01 -1.810546875000000000e+00 -1.528906250000000000e+01 -8.605554962158203125e+01 -1.386645202636718750e+02 -2.652738342285156250e+02 2.089211903512477875e-02 6.761099309334134784e+21 6.494313856819644570e-05 0.000000000000000000e+00 5.047427500000000000e+06 5.873755981156136841e-06 7.069926562500000000e+04
1.167480468750000000e+00 6.738281250000000000e-01 -6.849335937500000000e+02 1.884950714111328125e+02 -1.139109611511230469e+01 -2.775661468505859375e+01 7.460125256329774857e-03 1.061779794557945879e+22 2.081733873637858778e-05 0.000000000000000000e+00 1.685479875000000000e+06 1.055816824191424530e-06 8.777243750000000000e+04
-7.749023437500000000e-01 2.167968750000000000e+00 -1.622734375000000000e+02 7.814503479003906250e+01 -2.071229095458984375e+02 -6.938997650146484375e+01 4.642515908926725388e-03 6.202488574153794257e+21 9.411139035364612937e-05 0.000000000000000000e+00 3.557795750000000000e+06 1.735179353090643417e-06 7.909878125000000000e+04
-1.540527343750000000e+00 -3.123046875000000000e+00 -1.310000000000000000e+02 1.231352005004882812e+02 -1.648110046386718750e+02 -2.185914611816406250e+02 2.963541448116302490e-02 2.334535442439671382e+21 2.374164992943406105e-03 0.000000000000000000e+00 1.389211914062500000e+04 1.051732251653447747e-04 1.064001015625000000e+05
-2.622070312500000000e-01 3.222656250000000000e-01 3.591875000000000000e+02 -1.360727844238281250e+02 -2.886311769485473633e+00 -4.714583969116210938e+01 5.329769570380449295e-03 8.049286991699008029e+21 4.554618135443888605e-05 0.000000000000000000e+00 2.813792500000000000e+06 1.251124785994761623e-06 8.366696093750000000e+04
-4.794921875000000000e-01 3.994140625000000000e+00 1.404726562500000000e+02 -3.386060485839843750e+02 -7.455018615722656250e+01 1.789684600830078125e+02 6.354886572808027267e-03 5.755370077248544571e+21 1.022329888655804098e-04 0.000000000000000000e+00 6.182568000000000000e+06 2.394169769104337320e-06 6.865000781250000000e+04
6.201171875000000000e-02 -3.767578125000000000e+00 -1.267070312500000000e+02 1.091362380981445312e+02 -1.846991882324218750e+02 -2.004512939453125000e+02 3.035267069935798645e-02 2.201918084949980742e+21 2.239631488919258118e-03 0.000000000000000000e+00 1.006507714843750000e+04 9.584234794601798058e-05 8.421893750000000000e+04
-4.595214843750000000e+00 1.406250000000000000e+00 6.433593750000000000e+01 -2.462031250000000000e+02 -2.652813415527343750e+02 -1.931668243408203125e+02 1.094783935695886612e-02 5.270885777184955302e+21 9.765467257238924503e-05 0.000000000000000000e+00 5.912328000000000000e+06 3.608177166825043969e-06 5.037018359375000000e+04
2.217285156250000000e+00 3.335937500000000000e+00 1.764140625000000000e+02 -9.553408050537109375e+01 -1.490976562500000000e+02 -3.072610664367675781e+01 1.212482713162899017e-02 6.201052488822616490e+21 1.404068752890452743e-04 0.000000000000000000e+00 3.097112250000000000e+06 6.759462394256843254e-06 1.179272656250000000e+05
4.097656250000000000e+00 -3.105468750000000000e-01 -1.237460937500000000e+02 9.791091156005859375e+01 -2.067404022216796875e+02 -1.025506286621093750e+02 1.718547777272760868e-03 6.927900817582916108e+21 5.017211515223607421e-05 0.000000000000000000e+00 4.569604500000000000e+06 5.734032804127764393e-09 5.876207031250000000e+04
-1.978027343750000000e+00 -2.548828125000000000e+00 -1.231367187500000000e+02 1.301957550048828125e+02 -2.216076660156250000e+02 -1.254029769897460938e+02 1.979844458401203156e-02 5.546904079997098525e+21 2.184129698434844613e-04 0.000000000000000000e+00 1.077878875000000000e+06 1.535829323984216899e-05 1.312986093750000000e+05
-7.353515625000000000e-01 -4.486328125000000000e+00 -4.424218750000000000e+01 -5.957281875610351562e+01 -2.004173889160156250e+02 -3.340903625488281250e+02 1.707266829907894135e-02 6.996126411287905174e+21 5.418947330326773226e-05 0.000000000000000000e+00 3.957694750000000000e+06 4.144353624724317342e-06 6.536082421875000000e+04
-4.433593750000000000e-01 2.949218750000000000e+00 5.010546875000000000e+01 -2.542772216796875000e+02 -1.910549316406250000e+02 -3.124823913574218750e+02 8.165199309587478638e-03 6.311941244747639685e+21 9.800358384381979704e-05 0.000000000000000000e+00 7.152869500000000000e+06 3.234108135075075552e-06 8.680816406250000000e+04
-3.645996093750000000e+00 -1.974609375000000000e+00 1.567890625000000000e+02 -1.849985809326171875e+02 -1.233799514770507812e+02 -8.523756980895996094e+00 7.011220790445804596e-03 6.332688202331028718e+21 7.820997416274622083e-05 0.000000000000000000e+00 4.391172000000000000e+06 2.223446472271461971e-06 6.996103906250000000e+04
1.251464843750000000e+00 -4.546875000000000000e+00 -1.236640625000000000e+02 1.236219100952148438e+02 -1.924137115478515625e+02 -1.957620544433593750e+02 3.006808646023273468e-02 2.707144979734820028e+21 1.840384327806532383e-03 0.000000000000000000e+00 9.858390625000000000e+03 9.591988782631233335e-05 1.286094218750000000e+05
-1.027343750000000000e+00 1.126953125000000000e+00 -1.346093750000000000e+02 1.161017150878906250e+02 -1.926988830566406250e+02 -8.556471252441406250e+01 1.758696278557181358e-03 7.931895600862015259e+21 4.951385926688089967e-05 0.000000000000000000e+00 4.581067000000000000e+06 6.959699039299493961e-09 8.703369531250000000e+04
-3.517089843750000000e+00 -3.093750000000000000e+00 -1.762851562500000000e+02 3.154094314575195312e+01 -1.613901977539062500e+02 -8.493395996093750000e+01 2.234826795756816864e-03 7.420968415586320122e+21 8.063601126195862889e-05 0.000000000000000000e+00 4.500099000000000000e+06 2.228643758428461297e-08 1.160754843750000000e+05
-4.092773437500000000e+00 1.011718750000000000e+00 1.798085937500000000e+02 -1.257645263671875000e+02 -1.634768371582031250e+02 -3.953837966918945312e+01 1.468353625386953354e-02 5.967997963505634378e+21 1.618375681573525071e-04 0.000000000000000000e+00 2.637174000000000000e+06 9.080745257961098105e-06 1.211699609375000000e+05
4.223144531250000000e+00 -1.984375000000000000e+00 -1.178515625000000000e+02 9.120908355712890625e+01 -1.945723571777343750e+02 -2.023915557861328125e+02 2.384327724575996399e-02 4.847690964450251112e+21 2.096222742693498731e-04 0.000000000000000000e+00 9.583472500000000000e+05 1.551390414533670992e-05 8.411470312500000000e+04
-6.943359375000000000e-01 5.527343750000000000e-01 3.369296875000000000e+02 -4.301803588867187500e+01 1.189109897613525391e+01 -6.045491409301757812e+01 3.794518299400806427e-03 8.282754159331847963e+21 4.881808126810938120e-05 0.000000000000000000e+00 3.300710250000000000e+06 9.824149174164631404e-07 9.770902343750000000e+04
-3.764160156250000000e+00 -4.902343750000000000e-01 8.999609375000000000e+01 -2.708627624511718750e+02 -2.439139709472656250e+02 -2.205242309570312500e+02 8.329315111041069031e-03 5.691666660519388905e+21 8.717714808881282806e-05 0.000000000000000000e+00 6.559360000000000000e+06 2.646270559125696309e-06 5.661750000000000000e+04
-4.394531250000000000e-02 -2.652343750000000000e+00 8.325000000000000000e+01 -2.236087188720703125e+02 -2.336060791015625000e+02 -2.951028442382812500e+02 1.235502772033214569e-02 6.324000758649831031e+21 1.069158533937297761e-04 0.000000000000000000e+00 5.524756000000000000e+06 5.348852027964312583e-06 9.524617187500000000e+04
-2.295898437500000000e+00 3.984375000000000000e-01 -3.200156250000000000e+02 -5.387257385253906250e+01 -9.765101623535156250e+01 -1.710973052978515625e+02 4.712106660008430481e-03 7.987498167761438245e+21 6.085799032007344067e-05 0.000000000000000000e+00 3.594604250000000000e+06 1.466649450776458252e-06 1.092394765625000000e+05
2.347656250000000000e+00 -2.511718750000000000e+00 5.097265625000000000e+01 -2.281412963867187500e+02 -8.209108734130859375e+01 -2.856088867187500000e+02 9.040322154760360718e-03 6.387368657206747595e+21 8.938266546465456486e-05 0.000000000000000000e+00 6.264112000000000000e+06 3.304775873402832076e-06 8.204439843750000000e+04
-1.854492187500000000e+00 2.332031250000000000e+00 8.606640625000000000e+01 -2.412664184570312500e+02 -2.336280822753906250e+02 -2.178979339599609375e+02 1.130847726017236710e-02 6.148693076604853682e+21 1.173633136204443872e-04 0.000000000000000000e+00 3.997396750000000000e+06 5.225190307101001963e-06 9.609716406250000000e+04
1.448730468750000000e+00 -1.187500000000000000e+00 1.305898437500000000e+02 -3.612024230957031250e+02 -2.439362640380859375e+02 8.053521728515625000e+01 9.640729986131191254e-03 5.625597165136003465e+21 1.154350757133215666e-04 0.000000000000000000e+00 6.748278500000000000e+06 4.008659288956550881e-06 7.238914062500000000e+04
2.951660156250000000e+00 -3.128906250000000000e+00 1.655898437500000000e+02 -1.343439941406250000e+02 -1.151358489990234375e+02 -3.472354888916015625e+01 8.510052226483821869e-03 6.024899818897553752e+21 9.573908027959987521e-05 0.000000000000000000e+00 4.368494500000000000e+06 3.143070671285386197e-06 7.375110156250000000e+04
3.872070312500000000e+00 5.332031250000000000e-01 -3.897968750000000000e+02 1.033515357971191406e+01 -1.944232559204101562e+01 -7.331857299804687500e+01 5.202813073992729187e-03 8.005837951343997747e+21 4.296343104215338826e-05 0.000000000000000000e+00 3.706060250000000000e+06 1.145847477346251253e-06 7.765135156250000000e+04
-2.501464843750000000e+00 -3.970703125000000000e+00 1.400039062500000000e+02 -3.519250488281250000e+02 -1.680795288085937500e+02 1.714817962646484375e+02 6.536217872053384781e-03 5.939402357671645413e+21 1.264720922335982323e-04 0.000000000000000000e+00 6.924871500000000000e+06 3.143741196254268289e-06 9.333675000000000000e+04
-1.202148437500000000e+00 -1.011718750000000000e+00 -7.082812500000000000e+01 1.272939605712890625e+02 -1.669612731933593750e+02 -2.307267761230468750e+02 3.106218576431274414e-02 7.443720037953842446e+21 8.267145312856882811e-05 0.000000000000000000e+00 3.397179500000000000e+06 1.223940853378735483e-05 1.201034218750000000e+05
3.225585937500000000e+00 9.218750000000000000e-01 -3.205898437500000000e+02 -5.421697998046875000e+01 -9.536703491210937500e+01 -1.746578521728515625e+02 3.972908481955528259e-03 7.508607338435043131e+21 5.675975990016013384e-05 0.000000000000000000e+00 3.850657500000000000e+06 1.084154860109265428e-06 8.463471093750000000e+04
1.205078125000000000e+00 -2.271484375000000000e+00 -1.235820312500000000e+02 9.573522186279296875e+01 -1.951257019042968750e+02 -1.851567840576171875e+02 2.816542983055114746e-02 4.400987361660672934e+21 5.647809593938291073e-04 0.000000000000000000e+00 1.322267031250000000e+05 4.482593431021086872e-05 1.695743281250000000e+05
2.798828125000000000e+00 1.142578125000000000e+00 1.471015625000000000e+02 -2.571892395019531250e+02 -1.184229812622070312e+02 1.756792907714843750e+02 6.012150552123785019e-03 5.291155353207843062e+21 1.725894835544750094e-04 0.000000000000000000e+00 5.116791000000000000e+06 3.515422349664731883e-06 9.005246875000000000e+04
-7.524414062500000000e-01 6.894531250000000000e-01 -1.707890625000000000e+02 6.034676361083984375e+01 -1.853939208984375000e+02 -7.213530731201171875e+01 3.918797243386507034e-03 5.799098340780451824e+21 8.954682562034577131e-05 0.000000000000000000e+00 4.020014250000000000e+06 1.303005660702183377e-06 6.151221093750000000e+04
3.886718750000000000e-01 -1.066406250000000000e+00 -1.215859375000000000e+02 1.022542877197265625e+02 -2.187129211425781250e+02 -1.382033996582031250e+02 1.389589346945285797e-02 5.600718154894502003e+21 1.097644271794706583e-04 0.000000000000000000e+00 2.030449375000000000e+06 5.469840289151761681e-06 6.792388281250000000e+04
-2.840820312500000000e+00 -3.455078125000000000e+00 -2.227226562500000000e+02 1.813117599487304688e+01 -1.922176055908203125e+02 -1.126278610229492188e+02 1.590444124303758144e-03 7.039019820038888620e+21 7.076230394886806607e-05 0.000000000000000000e+00 3.941640000000000000e+06 6.462734347678633640e-09 8.692971093750000000e+04
3.294921875000000000e+00 6.660156250000000000e-01 2.721328125000000000e+02 -7.294116973876953125e+01 9.565743803977966309e-01 -1.889331359863281250e+02 5.530712194740772247e-03 8.041365159954463326e+21 4.757348506245762110e-05 0.000000000000000000e+00 3.131606750000000000e+06 1.354748405901773367e-06 8.713328125000000000e+04
-1.372070312500000000e-01 -5.937500000000000000e-01 3.782851562500000000e+02 -1.512263488769531250e+02 3.890752315521240234e+00 -4.896023178100585938e+01 5.962019786238670349e-03 8.838089088733229875e+21 3.627966725616715848e-05 0.000000000000000000e+00 2.886364750000000000e+06 1.224046400238876231e-06 8.822022656250000000e+04
2.128417968750000000e+00 2.009765625000000000e+00 3.455976562500000000e+02 -6.703008270263671875e+01 -1.094433021545410156e+01 -8.130352783203125000e+01 6.974184885621070862e-03 8.218685388082921865e+21 3.777563324547372758e-05 0.000000000000000000e+00 3.291714250000000000e+06 1.386405870107410010e-06 7.386667187500000000e+04
2.506347656250000000e+00 -2.445312500000000000e+00 -1.238945312500000000e+02 8.290743255615234375e+01 -1.900661926269531250e+02 -1.922950897216796875e+02 2.501917071640491486e-02 4.204713453025448952e+21 4.230610211379826069e-04 0.000000000000000000e+00 2.338595312500000000e+05 2.849673910532146692e-05 1.107750468750000000e+05
1.367187500000000000e-01 1.523437500000000000e-01 -6.984179687500000000e+02 1.785794677734375000e+02 -1.520509433746337891e+01 -5.584997177124023438e+01 7.800031453371047974e-03 1.223363882638418484e+22 1.715033067739568651e-05 0.000000000000000000e+00 1.616348125000000000e+06 1.047869773174170405e-06 1.106035703125000000e+05
-3.771484375000000000e+00 -1.005859375000000000e+00 -1.299960937500000000e+02 1.459996948242187500e+02 -1.823529357910156250e+02 -1.238754882812500000e+02 1.877012103796005249e-02 6.014256687078170427e+21 2.080757549265399575e-04 0.000000000000000000e+00 8.757089375000000000e+05 1.504019019193947315e-05 1.594399062500000000e+05
3.632812500000000000e-01 -8.007812500000000000e-02 -3.343320312500000000e+02 -4.887829589843750000e+01 -8.598283386230468750e+01 -1.366034240722656250e+02 5.197502672672271729e-03 7.494560048247321133e+21 6.265714910114184022e-05 0.000000000000000000e+00 3.453315500000000000e+06 1.562767238283413462e-06 9.290492968750000000e+04
-7.563476562500000000e-01 4.232421875000000000e+00 -2.866367187500000000e+02 -6.698474121093750000e+01 -1.830612030029296875e+02 -1.918235321044921875e+02 6.634683813899755478e-03 7.761678112295873413e+21 5.210168455960229039e-05 0.000000000000000000e+00 4.882608000000000000e+06 1.717949771773419343e-06 8.581204687500000000e+04
2.352539062500000000e+00 1.720703125000000000e+00 -4.755429687500000000e+02 4.156793212890625000e+01 -4.370371627807617188e+01 -1.371822814941406250e+02 6.466272287070751190e-03 9.025034635165286007e+21 2.876509279303718358e-05 0.000000000000000000e+00 2.658814250000000000e+06 1.074858914762444329e-06 7.448042187500000000e+04
1.603515625000000000e+00 2.265625000000000000e+00 -1.663085937500000000e+02 7.295145416259765625e+01 -2.045204315185546875e+02 -6.926621246337890625e+01 4.227355122566223145e-03 6.435516077873012146e+21 9.675676847109571099e-05 0.000000000000000000e+00 3.678070500000000000e+06 1.685451593402831350e-06 9.083668750000000000e+04
2.636718750000000000e-02 4.281250000000000000e+00 -3.601367187500000000e+02 2.479193115234375000e+01 -6.606215667724609375e+01 -1.219911575317382812e+02 5.121157504618167877e-03 7.555099686238249026e+21 4.547948628896847367e-05 0.000000000000000000e+00 3.369037750000000000e+06 1.126695906350505538e-06 6.908215625000000000e+04
4.533691406250000000e+00 -6.914062500000000000e-01 -1.545312500000000000e+01 -9.015733337402343750e+01 -1.326050720214843750e+02 -2.211837158203125000e+02 2.520877309143543243e-02 7.187737686933917139e+21 6.350482726702466607e-05 0.000000000000000000e+00 4.661583500000000000e+06 7.367726993834367022e-06 8.306405468750000000e+04
1.512207031250000000e+00 -1.839843750000000000e+00 -1.257695312500000000e+02 9.445074462890625000e+01 -1.816959838867187500e+02 -1.670368804931640625e+02 1.904258877038955688e-02 4.413554656420850303e+21 1.967675780178979039e-04 0.000000000000000000e+00 9.728790000000000000e+05 1.058890029526082799e-05 5.958663281250000000e+04
3.726074218750000000e+00 2.687500000000000000e+00 3.712070312500000000e+02 -1.538215942382812500e+02 -9.890915870666503906e+00 -3.796527481079101562e+01 6.644472014158964157e-03 9.023056991978916938e+21 3.533062408678233624e-05 0.000000000000000000e+00 3.264744500000000000e+06 1.356276698061265051e-06 9.142017968750000000e+04
1.186523437500000000e+00 -1.289062500000000000e-01 -6.710351562500000000e+02 1.829981689453125000e+02 -1.084490432739257812e+02 6.760109901428222656e+00 3.266777843236923218e-03 1.291252156731317499e+22 1.480931223341031000e-05 0.000000000000000000e+00 2.471120250000000000e+06 3.999893181116931373e-07 1.123046875000000000e+05
2.215820312500000000e+00 3.039062500000000000e+00 5.291640625000000000e+02 9.709939575195312500e+01 -8.444285583496093750e+01 1.280971527099609375e+02 1.422663917765021324e-03 1.196037278589431841e+22 1.272865574719617143e-05 0.000000000000000000e+00 2.735713750000000000e+06 1.398104187977367019e-09 7.670900781250000000e+04
1.177246093750000000e+00 3.701171875000000000e+00 4.316796875000000000e+01 -2.375601959228515625e+02 -7.287802886962890625e+01 -3.063396911621093750e+02 8.668244816362857819e-03 7.018950654199418847e+21 1.008143080980516970e-04 0.000000000000000000e+00 6.280548500000000000e+06 3.927429133909754455e-06 1.227915546875000000e+05
-1.452636718750000000e+00 6.894531250000000000e-01 3.521171875000000000e+02 -1.028747787475585938e+02 4.639046669006347656e+00 -6.782553100585937500e+01 4.709041677415370941e-03 8.165111692815629287e+21 4.808731318917125463e-05 0.000000000000000000e+00 2.668277500000000000e+06 1.183880840471829288e-06 9.220332812500000000e+04
2.535156250000000000e+00 -3.107421875000000000e+00 -6.185937500000000000e+01 6.066336822509765625e+01 -2.114315338134765625e+02 -3.251465759277343750e+02 2.488952875137329102e-02 7.314216215919036727e+21 6.091094110161066055e-05 0.000000000000000000e+00 4.329626500000000000e+06 7.100069524312857538e-06 8.395149218750000000e+04
-4.352539062500000000e+00 6.640625000000000000e-02 -8.766406250000000000e+01 1.636629791259765625e+02 -2.222117309570312500e+02 -7.250581359863281250e+01 6.304009351879358292e-03 7.480564549455313895e+21 6.806267629144713283e-05 0.000000000000000000e+00 3.053152750000000000e+06 2.055147888313513249e-06 1.003556484375000000e+05
-3.374023437500000000e-01 -2.277343750000000000e+00 -2.496796875000000000e+02 -1.991204452514648438e+01 -1.722226867675781250e+02 -1.308209838867187500e+02 3.628762438893318176e-03 7.456539534293152563e+21 6.392126670107245445e-05 0.000000000000000000e+00 4.841548000000000000e+06 1.107449747905775439e-06 9.334412500000000000e+04
-3.016601562500000000e+00 3.396484375000000000e+00 -3.458750000000000000e+02 -7.534596252441406250e+01 -9.218012237548828125e+01 -1.314521179199218750e+02 4.496526904404163361e-03 7.533191925850905248e+21 5.532786599360406399e-05 0.000000000000000000e+00 3.412670250000000000e+06 1.200004703605372924e-06 8.331260156250000000e+04
-9.370117187500000000e-01 9.511718750000000000e-01 -2.581054687500000000e+02 1.605815887451171875e-01 -1.817700958251953125e+02 -1.375867767333984375e+02 3.897023852914571762e-03 7.101173998496228835e+21 5.762514774687588215e-05 0.000000000000000000e+00 4.790767000000000000e+06 1.021076059259939939e-06 7.268288281250000000e+04
1.489257812500000000e+00 1.974609375000000000e+00 -2.041914062500000000e+02 3.115496063232421875e+01 -1.963601226806640625e+02 -1.217749328613281250e+02 3.921323455870151520e-03 6.764247888423620182e+21 8.618343417765572667e-05 0.000000000000000000e+00 4.133075000000000000e+06 1.463722583139315248e-06 9.395328906250000000e+04
8.173828125000000000e-01 -8.125000000000000000e-01 7.193750000000000000e+01 -1.694608306884765625e+02 -1.983983459472656250e+02 -2.237285461425781250e+02 1.543774176388978958e-02 5.948574501262738850e+21 1.780110032996162772e-04 0.000000000000000000e+00 4.271589500000000000e+06 1.046709894580999389e-05 1.319821718750000000e+05
2.255859375000000000e+00 2.529296875000000000e+00 1.301796875000000000e+02 -2.147351989746093750e+02 -3.893677673339843750e+02 8.689578247070312500e+01 1.708753593266010284e-02 4.955845472451506995e+21 1.940212969202548265e-04 0.000000000000000000e+00 2.692006750000000000e+06 1.052033167070476338e-05 8.318257812500000000e+04
-1.810546875000000000e+00 2.791015625000000000e+00 -1.230000000000000000e+02 1.292537841796875000e+02 -2.038011627197265625e+02 -8.990565490722656250e+01 1.474283519200980663e-03 8.451783823496270840e+21 4.724184691440314054e-05 0.000000000000000000e+00 5.000838000000000000e+06 4.095165540007883465e-09 1.004619843750000000e+05
-6.718750000000000000e-01 1.511718750000000000e+00 -3.018281250000000000e+02 -5.278527450561523438e+01 -1.333289489746093750e+02 -1.918425140380859375e+02 5.228977650403976440e-03 7.639172884082001445e+21 5.762765067629516125e-05 0.000000000000000000e+00 4.015514750000000000e+06 1.473930069550988264e-06 9.048980468750000000e+04
9.506835937500000000e-01 -1.617187500000000000e+00 2.629960937500000000e+02 -6.174588394165039062e+01 1.714312171936035156e+01 -1.954058837890625000e+02 3.453328507021069527e-03 7.683064403100400878e+21 5.668957237503491342e-05 0.000000000000000000e+00 2.759729000000000000e+06 9.630711019781301729e-07 9.055996875000000000e+04
3.525390625000000000e+00 -1.912109375000000000e+00 3.999609375000000000e+02 -1.332987213134765625e+02 -1.765362739562988281e+00 -3.232348632812500000e+01 5.890908651053905487e-03 8.965890550108889547e+21 2.821614179993048310e-05 0.000000000000000000e+00 2.588599500000000000e+06 9.542368388792965561e-07 7.163208593750000000e+04
-6.494140625000000000e-01 3.955078125000000000e+00 6.142187500000000000e+01 -2.196306152343750000e+02 -2.078099670410156250e+02 -2.143000793457031250e+02 8.864402770996093750e-03 5.513214902984553529e+21 1.061448347172699869e-04 0.000000000000000000e+00 5.878970000000000000e+06 3.321514213894261047e-06 6.265322265625000000e+04
3.255859375000000000e+00 -2.539062500000000000e-02 -3.871757812500000000e+02 2.745277023315429688e+01 -2.241459846496582031e+01 -7.631950378417968750e+01 4.749740008264780045e-03 7.359350728434590417e+21 4.556628118734806776e-05 0.000000000000000000e+00 3.469155250000000000e+06 1.019848696159897372e-06 6.397226562500000000e+04
3.243652343750000000e+00 4.726562500000000000e-01 2.726171875000000000e+01 -1.321351318359375000e+02 1.231396579742431641e+01 -1.583641204833984375e+02 9.297456592321395874e-03 6.611583179405154845e+21 7.952941086841747165e-05 0.000000000000000000e+00 3.514981000000000000e+06 3.130258619421510957e-06 8.096063281250000000e+04
-4.023437500000000000e-01 3.857421875000000000e+00 1.261054687500000000e+02 -2.741802062988281250e+02 -1.897816314697265625e+02 6.644544982910156250e+01 1.703949458897113800e-02 5.928318998988686623e+21 1.149357922258786857e-04 0.000000000000000000e+00 4.126827750000000000e+06 7.434065992129035294e-06 8.434896093750000000e+04
3.054687500000000000e+00 1.082031250000000000e+00 2.297812500000000000e+02 -4.191492080688476562e+01 -3.524485015869140625e+01 -1.719644317626953125e+02 7.375670131295919418e-03 7.786432710597668766e+21 6.303984991973266006e-05 0.000000000000000000e+00 4.046903000000000000e+06 2.318131237188936211e-06 1.048239609375000000e+05
1.128906250000000000e+00 -3.203125000000000000e+00 2.361093750000000000e+02 -1.177941608428955078e+01 5.495488643646240234e+00 -1.453810882568359375e+02 3.266523825004696846e-03 6.912837965679222063e+21 6.646128167631104589e-05 0.000000000000000000e+00 3.846725500000000000e+06 9.609344715499901213e-07 7.733348437500000000e+04
-2.353027343750000000e+00 2.500000000000000000e+00 5.772656250000000000e+01 -2.172353973388671875e+02 -2.322928924560546875e+02 -2.476942596435546875e+02 1.806925050914287567e-02 4.944802083215241118e+21 2.803938696160912514e-04 0.000000000000000000e+00 2.234073000000000000e+06 1.604132921784184873e-05 1.194111718750000000e+05
-6.884765625000000000e-01 3.710937500000000000e-02 -1.200468750000000000e+02 1.187669296264648438e+02 -2.169416656494140625e+02 -1.027963638305664062e+02 1.198860630393028259e-02 7.572617562888813412e+21 8.486035949317738414e-05 0.000000000000000000e+00 2.849407500000000000e+06 4.932901447318727151e-06 1.297993984375000000e+05
7.587890625000000000e-01 1.210937500000000000e+00 -1.931992187500000000e+02 2.980886840820312500e+01 -2.055576934814453125e+02 -9.679978179931640625e+01 4.846562165766954422e-03 6.753136382242990326e+21 9.650558786233887076e-05 0.000000000000000000e+00 3.933315250000000000e+06 2.022434955506469123e-06 1.046884140625000000e+05
7.534179687500000000e-01 5.820312500000000000e-01 -7.282812500000000000e+01 1.536481781005859375e+02 -1.595665130615234375e+02 -2.031246337890625000e+02 6.109214853495359421e-03 6.982714128647642415e+21 7.949915016070008278e-05 0.000000000000000000e+00 3.279809250000000000e+06 2.171475671275402419e-06 9.533777343750000000e+04
5.795898437500000000e-01 1.556640625000000000e+00 9.163281250000000000e+01 -2.340816955566406250e+02 -1.966068267822265625e+02 -2.051472320556640625e+02 7.341438438743352890e-03 6.113031322955520410e+21 8.860374509822577238e-05 0.000000000000000000e+00 5.229405500000000000e+06 2.546083806009846739e-06 7.129378125000000000e+04
2.565429687500000000e+00 -3.552734375000000000e+00 9.023046875000000000e+01 -2.820418090820312500e+02 -2.207490692138671875e+02 -2.755304870605468750e+02 1.941680163145065308e-02 6.320500335839457313e+21 1.309368526563048363e-04 0.000000000000000000e+00 3.801225000000000000e+06 1.028901715471874923e-05 1.164517265625000000e+05
-4.534667968750000000e+00 -9.570312500000000000e-01 -2.746914062500000000e+02 -1.893667793273925781e+01 -1.843856811523437500e+02 -1.793719177246093750e+02 4.043270833790302277e-03 8.438947438658358084e+21 4.976570926373824477e-05 0.000000000000000000e+00 4.920000000000000000e+06 1.087261807697359473e-06 1.053476171875000000e+05
